#作者
# camera_matrix: [915.828857, 0.000000, 644.015094, 0.000000,
# 0.000000, 925.069885, 372.912666, 0.000000,
# 0.000000, 0.000000, 1.000000, 0.000000,]

# rlc:  [   0.999715  ,-0.00610437 ,0.023068,  
#   0.0113064 , 0.972496   ,-0.232646,  
#  -0.0210134 , 0.23284    ,0.972288 ]

# tlc: [ -0.0149389263, -0.059792, -0.11993134]

#数字卵生
camera_matrix: [1201.830000, 0.000000, 1022.680000, 0.000000,
0.000000, 1196.920000, 753.325000, 0.000000,
0.000000, 0.000000, 1.000000, 0.000000,]

rlc:  [   0.023800  ,-0.999400 ,0.024600,  
  -0.069900 , -0.026170   ,-0.997200,  
 0.997200 , 0.022000    ,-0.0705 ]

tlc: [ -0.6123, -0.106558, -0.04263]

#数字卵生在线标定结果
# camera_matrix: [1201.830000, 0.000000, 1022.680000, 0.000000,
# 0.000000, 1196.920000, 753.325000, 0.000000,
# 0.000000, 0.000000, 1.000000, 0.000000,]

# rlc:  [   0.0278395  ,-0.999045 ,-0.0336666,  
#   -0.0322987 , 0.0327631   ,-0.998941,  
#  0.99909 , 0.0288974    ,-0.0313557 ]

# tlc: [ -0.00366619, -0.0233159, 0.222463]


